{
 "cells": [
  {
   "cell_type": "markdown",
   "metadata": {},
   "source": [
    "### Evolutionary Dynamics Visualization"
   ]
  },
  {
   "cell_type": "code",
   "execution_count": 1,
   "metadata": {},
   "outputs": [],
   "source": [
    "import numpy as np\n",
    "import matplotlib.pyplot as plt"
   ]
  },
  {
   "cell_type": "code",
   "execution_count": 2,
   "metadata": {},
   "outputs": [],
   "source": [
    "# Utility matrix for 2 player symmetric game\n",
    "A = np.array([[0, 5, 4],\n",
    "             [4, 0, 5],\n",
    "             [5, 4, 0]])\n",
    "# Initial point\n",
    "x_initial = np.array([0.25, 0.5, 0.25])\n",
    "\n",
    "# List of parameter nabla for logit dynamics\n",
    "eta = np.array([0.01, 0.1, 1])"
   ]
  },
  {
   "cell_type": "markdown",
   "metadata": {},
   "source": [
    "#### a) Replicator Dynamics"
   ]
  },
  {
   "cell_type": "code",
   "execution_count": 18,
   "metadata": {},
   "outputs": [],
   "source": [
    "def replicator_dynamics(x_init, num_iter, matrix, learning_rate=1e-3, early_stopping=True):\n",
    "    \"\"\" Function that returns list of replicator dynamic coordinates given an initial point\n",
    "\n",
    "    Args:\n",
    "        x_init: Starting point\n",
    "        max_iter: Number of iterations\n",
    "        matrix: symmetric game matrix\n",
    "\n",
    "    Returns:\n",
    "        List of x coordinates of length num_iter\n",
    "\n",
    "    \"\"\"\n",
    "    x_current = x_init\n",
    "    positions = []\n",
    "    \n",
    "    for i in range(num_iter - 1):\n",
    "        f = np.matmul(matrix, x_current)\n",
    "        avg_payoff = np.matmul(np.transpose(x_current), f)  # Average payoff\n",
    "        f_bar = np.multiply(avg_payoff, np.ones(3))  # Average payoff vector\n",
    "        x_dot = np.multiply(x_current, (f - f_bar))  # Displacement vector\n",
    "        positions.append(x_current)\n",
    "        print(x_current)\n",
    "        x_current += learning_rate * x_dot  # Update position\n",
    "        \n",
    "    \n",
    "    return positions  "
   ]
  },
  {
   "cell_type": "code",
   "execution_count": 19,
   "metadata": {},
   "outputs": [
    {
     "name": "stdout",
     "output_type": "stream",
     "text": [
      "[0.25 0.5  0.25]\n",
      "[0.25017187 0.49971875 0.25010938]\n",
      "[0.25034347 0.49943796 0.25021857]\n",
      "[0.25051478 0.49915763 0.2503276 ]\n",
      "[0.25068581 0.49887775 0.25043644]\n",
      "[0.25085655 0.49859834 0.25054511]\n",
      "[0.25102702 0.49831938 0.25065361]\n",
      "[0.2511972  0.49804087 0.25076193]\n",
      "[0.2513671  0.49776282 0.25087007]\n",
      "[0.25153673 0.49748523 0.25097804]\n",
      "[0.25170607 0.49720809 0.25108584]\n",
      "[0.25187513 0.49693141 0.25119346]\n",
      "[0.2520439  0.49665518 0.25130092]\n",
      "[0.2522124  0.4963794  0.25140819]\n",
      "[0.25238062 0.49610408 0.2515153 ]\n",
      "[0.25254856 0.4958292  0.25162223]\n",
      "[0.25271622 0.49555478 0.251729  ]\n",
      "[0.2528836  0.49528081 0.25183559]\n",
      "[0.2530507  0.49500729 0.25194201]\n",
      "[0.25321752 0.49473422 0.25204825]\n",
      "[0.25338407 0.4944616  0.25215433]\n",
      "[0.25355033 0.49418943 0.25226024]\n",
      "[0.25371632 0.4939177  0.25236598]\n",
      "[0.25388202 0.49364642 0.25247155]\n",
      "[0.25404745 0.49337559 0.25257695]\n",
      "[0.2542126  0.49310521 0.25268219]\n",
      "[0.25437748 0.49283527 0.25278725]\n",
      "[0.25454208 0.49256578 0.25289215]\n",
      "[0.2547064  0.49229673 0.25299688]\n",
      "[0.25487044 0.49202812 0.25310144]\n",
      "[0.2550342  0.49175996 0.25320583]\n",
      "[0.25519769 0.49149225 0.25331006]\n",
      "[0.25536091 0.49122497 0.25341412]\n",
      "[0.25552384 0.49095814 0.25351802]\n",
      "[0.2556865  0.49069174 0.25362175]\n",
      "[0.25584889 0.49042579 0.25372532]\n",
      "[0.256011   0.49016028 0.25382872]\n",
      "[0.25617284 0.48989521 0.25393196]\n",
      "[0.2563344  0.48963057 0.25403503]\n",
      "[0.25649568 0.48936638 0.25413794]\n",
      "[0.25665669 0.48910262 0.25424069]\n",
      "[0.25681743 0.4888393  0.25434327]\n",
      "[0.25697789 0.48857642 0.25444569]\n",
      "[0.25713808 0.48831397 0.25454795]\n",
      "[0.257298   0.48805196 0.25465005]\n",
      "[0.25745764 0.48779038 0.25475198]\n",
      "[0.25761701 0.48752924 0.25485376]\n",
      "[0.2577761  0.48726853 0.25495537]\n",
      "[0.25793493 0.48700825 0.25505682]\n",
      "[0.25809348 0.48674841 0.25515811]\n",
      "[0.25825176 0.486489   0.25525924]\n",
      "[0.25840977 0.48623002 0.25536022]\n",
      "[0.2585675  0.48597147 0.25546103]\n",
      "[0.25872497 0.48571335 0.25556168]\n",
      "[0.25888216 0.48545566 0.25566218]\n",
      "[0.25903908 0.4851984  0.25576252]\n",
      "[0.25919573 0.48494157 0.2558627 ]\n",
      "[0.25935211 0.48468517 0.25596272]\n",
      "[0.25950822 0.48442919 0.25606258]\n",
      "[0.25966407 0.48417365 0.25616229]\n",
      "[0.25981964 0.48391852 0.25626184]\n",
      "[0.25997494 0.48366383 0.25636123]\n",
      "[0.26012997 0.48340955 0.25646047]\n",
      "[0.26028474 0.48315571 0.25655956]\n",
      "[0.26043923 0.48290228 0.25665848]\n",
      "[0.26059346 0.48264928 0.25675726]\n",
      "[0.26074742 0.48239671 0.25685587]\n",
      "[0.26090111 0.48214455 0.25695434]\n",
      "[0.26105453 0.48189282 0.25705265]\n",
      "[0.26120769 0.48164151 0.2571508 ]\n",
      "[0.26136058 0.48139062 0.25724881]\n",
      "[0.2615132  0.48114014 0.25734666]\n",
      "[0.26166556 0.48089009 0.25744435]\n",
      "[0.26181765 0.48064046 0.2575419 ]\n",
      "[0.26196947 0.48039124 0.25763929]\n",
      "[0.26212103 0.48014244 0.25773653]\n",
      "[0.26227232 0.47989406 0.25783362]\n",
      "[0.26242335 0.4796461  0.25793056]\n",
      "[0.26257411 0.47939855 0.25802735]\n",
      "[0.2627246  0.47915141 0.25812398]\n",
      "[0.26287484 0.47890469 0.25822047]\n",
      "[0.26302481 0.47865839 0.25831681]\n",
      "[0.26317451 0.4784125  0.25841299]\n",
      "[0.26332395 0.47816702 0.25850903]\n",
      "[0.26347313 0.47792195 0.25860492]\n",
      "[0.26362204 0.47767729 0.25870066]\n",
      "[0.26377069 0.47743305 0.25879626]\n",
      "[0.26391908 0.47718922 0.2588917 ]\n",
      "[0.26406721 0.47694579 0.258987  ]\n",
      "[0.26421507 0.47670278 0.25908215]\n",
      "[0.26436268 0.47646017 0.25917715]\n",
      "[0.26451002 0.47621797 0.25927201]\n",
      "[0.2646571  0.47597618 0.25936672]\n",
      "[0.26480392 0.4757348  0.25946128]\n",
      "[0.26495048 0.47549382 0.2595557 ]\n",
      "[0.26509677 0.47525325 0.25964997]\n",
      "[0.26524281 0.47501309 0.2597441 ]\n",
      "[0.26538859 0.47477333 0.25983808]\n",
      "[0.26553411 0.47453397 0.25993192]\n",
      "[0.26567937 0.47429501 0.26002562]\n",
      "[0.26582437 0.47405646 0.26011917]\n",
      "[0.26596911 0.47381832 0.26021257]\n",
      "[0.2661136  0.47358057 0.26030584]\n",
      "[0.26625782 0.47334322 0.26039896]\n",
      "[0.26640179 0.47310628 0.26049193]\n",
      "[0.2665455  0.47286973 0.26058477]\n",
      "[0.26668895 0.47263359 0.26067746]\n",
      "[0.26683215 0.47239784 0.26077001]\n",
      "[0.26697509 0.47216249 0.26086242]\n",
      "[0.26711777 0.47192754 0.26095469]\n",
      "[0.2672602  0.47169298 0.26104682]\n",
      "[0.26740237 0.47145883 0.26113881]\n",
      "[0.26754428 0.47122506 0.26123065]\n",
      "[0.26768594 0.4709917  0.26132236]\n",
      "[0.26782735 0.47075872 0.26141393]\n",
      "[0.2679685  0.47052615 0.26150535]\n",
      "[0.2681094  0.47029396 0.26159664]\n",
      "[0.26825004 0.47006217 0.26168779]\n",
      "[0.26839043 0.46983077 0.2617788 ]\n",
      "[0.26853056 0.46959976 0.26186968]\n",
      "[0.26867044 0.46936915 0.26196041]\n",
      "[0.26881007 0.46913892 0.26205101]\n",
      "[0.26894945 0.46890908 0.26214147]\n",
      "[0.26908857 0.46867964 0.26223179]\n",
      "[0.26922744 0.46845058 0.26232198]\n",
      "[0.26936606 0.46822191 0.26241203]\n",
      "[0.26950443 0.46799363 0.26250194]\n",
      "[0.26964255 0.46776573 0.26259172]\n",
      "[0.26978042 0.46753822 0.26268136]\n",
      "[0.26991803 0.4673111  0.26277087]\n",
      "[0.2700554  0.46708436 0.26286024]\n",
      "[0.27019251 0.46685801 0.26294948]\n",
      "[0.27032938 0.46663204 0.26303858]\n",
      "[0.270466   0.46640646 0.26312755]\n",
      "[0.27060236 0.46618126 0.26321638]\n",
      "[0.27073848 0.46595644 0.26330508]\n",
      "[0.27087435 0.465732   0.26339365]\n",
      "[0.27100998 0.46550794 0.26348208]\n",
      "[0.27114535 0.46528427 0.26357038]\n",
      "[0.27128048 0.46506097 0.26365855]\n",
      "[0.27141536 0.46483805 0.26374659]\n",
      "[0.27154999 0.46461552 0.26383449]\n",
      "[0.27168438 0.46439336 0.26392227]\n",
      "[0.27181852 0.46417157 0.26400991]\n",
      "[0.27195241 0.46395017 0.26409742]\n",
      "[0.27208606 0.46372914 0.2641848 ]\n",
      "[0.27221946 0.46350849 0.26427205]\n",
      "[0.27235262 0.46328821 0.26435917]\n",
      "[0.27248553 0.46306831 0.26444616]\n",
      "[0.2726182  0.46284878 0.26453302]\n",
      "[0.27275062 0.46262963 0.26461975]\n",
      "[0.2728828  0.46241085 0.26470635]\n",
      "[0.27301474 0.46219244 0.26479282]\n",
      "[0.27314643 0.46197441 0.26487916]\n",
      "[0.27327788 0.46175674 0.26496537]\n",
      "[0.27340909 0.46153945 0.26505146]\n",
      "[0.27354006 0.46132252 0.26513742]\n",
      "[0.27367078 0.46110597 0.26522325]\n",
      "[0.27380126 0.46088978 0.26530895]\n",
      "[0.2739315  0.46067397 0.26539453]\n",
      "[0.2740615  0.46045852 0.26547998]\n",
      "[0.27419126 0.46024344 0.2655653 ]\n",
      "[0.27432078 0.46002872 0.2656505 ]\n",
      "[0.27445005 0.45981437 0.26573557]\n",
      "[0.27457909 0.45960039 0.26582052]\n",
      "[0.27470789 0.45938677 0.26590534]\n",
      "[0.27483645 0.45917352 0.26599003]\n",
      "[0.27496477 0.45896063 0.2660746 ]\n",
      "[0.27509285 0.4587481  0.26615905]\n",
      "[0.27522069 0.45853594 0.26624337]\n",
      "[0.2753483  0.45832414 0.26632756]\n",
      "[0.27547566 0.4581127  0.26641164]\n",
      "[0.27560279 0.45790162 0.26649559]\n",
      "[0.27572969 0.4576909  0.26657941]\n",
      "[0.27585634 0.45748054 0.26666312]\n",
      "[0.27598276 0.45727054 0.2667467 ]\n",
      "[0.27610895 0.4570609  0.26683015]\n",
      "[0.27623489 0.45685162 0.26691349]\n",
      "[0.2763606  0.45664269 0.2669967 ]\n",
      "[0.27648608 0.45643413 0.26707979]\n",
      "[0.27661132 0.45622592 0.26716276]\n",
      "[0.27673633 0.45601806 0.26724561]\n",
      "[0.2768611  0.45581056 0.26732834]\n",
      "[0.27698564 0.45560341 0.26741094]\n",
      "[0.27710995 0.45539662 0.26749343]\n",
      "[0.27723402 0.45519019 0.26757579]\n",
      "[0.27735786 0.4549841  0.26765804]\n",
      "[0.27748147 0.45477837 0.26774016]\n",
      "[0.27760484 0.45457299 0.26782217]\n",
      "[0.27772798 0.45436796 0.26790406]\n",
      "[0.27785089 0.45416328 0.26798582]\n",
      "[0.27797357 0.45395896 0.26806747]\n",
      "[0.27809602 0.45375498 0.268149  ]\n",
      "[0.27821824 0.45355135 0.26823042]\n",
      "[0.27834022 0.45334807 0.26831171]\n",
      "[0.27846198 0.45314514 0.26839288]\n",
      "[0.27858351 0.45294255 0.26847394]\n",
      "[0.2787048  0.45274031 0.26855488]\n",
      "[0.27882587 0.45253842 0.26863571]\n",
      "[0.27894671 0.45233687 0.26871642]\n",
      "[0.27906732 0.45213567 0.26879701]\n",
      "[0.2791877  0.45193482 0.26887748]\n",
      "[0.27930786 0.45173431 0.26895784]\n",
      "[0.27942778 0.45153414 0.26903808]\n",
      "[0.27954748 0.45133431 0.26911821]\n",
      "[0.27966695 0.45113483 0.26919822]\n",
      "[0.2797862  0.45093569 0.26927811]\n",
      "[0.27990522 0.45073689 0.26935789]\n",
      "[0.28002401 0.45053843 0.26943756]\n",
      "[0.28014258 0.45034031 0.26951711]\n",
      "[0.28026092 0.45014253 0.26959655]\n",
      "[0.28037904 0.44994509 0.26967587]\n",
      "[0.28049693 0.44974798 0.26975508]\n",
      "[0.2806146  0.44955122 0.26983418]\n",
      "[0.28073204 0.44935479 0.26991316]\n",
      "[0.28084926 0.4491587  0.26999203]\n",
      "[0.28096626 0.44896295 0.27007079]\n",
      "[0.28108303 0.44876753 0.27014943]\n",
      "[0.28119959 0.44857245 0.27022796]\n",
      "[0.28131591 0.4483777  0.27030638]\n",
      "[0.28143202 0.44818329 0.27038469]\n",
      "[0.2815479  0.44798921 0.27046289]\n",
      "[0.28166357 0.44779546 0.27054097]\n",
      "[0.28177901 0.44760205 0.27061895]\n",
      "[0.28189423 0.44740896 0.27069681]\n",
      "[0.28200923 0.44721621 0.27077456]\n",
      "[0.28212401 0.44702379 0.2708522 ]\n",
      "[0.28223857 0.4468317  0.27092973]\n",
      "[0.28235291 0.44663994 0.27100715]\n",
      "[0.28246703 0.44644851 0.27108447]\n",
      "[0.28258093 0.4462574  0.27116167]\n",
      "[0.28269461 0.44606663 0.27123876]\n",
      "[0.28280808 0.44587618 0.27131574]\n",
      "[0.28292132 0.44568606 0.27139262]\n",
      "[0.28303435 0.44549627 0.27146938]\n",
      "[0.28314716 0.4453068  0.27154604]\n",
      "[0.28325976 0.44511766 0.27162259]\n",
      "[0.28337213 0.44492884 0.27169903]\n",
      "[0.2834843  0.44474035 0.27177536]\n",
      "[0.28359624 0.44455218 0.27185158]\n",
      "[0.28370797 0.44436433 0.2719277 ]\n",
      "[0.28381948 0.44417681 0.27200371]\n",
      "[0.28393078 0.44398961 0.27207961]\n",
      "[0.28404187 0.44380273 0.27215541]\n",
      "[0.28415273 0.44361617 0.2722311 ]\n",
      "[0.28426339 0.44342993 0.27230668]\n",
      "[0.28437383 0.44324401 0.27238216]\n",
      "[0.28448406 0.44305841 0.27245753]\n",
      "[0.28459407 0.44287313 0.2725328 ]\n",
      "[0.28470387 0.44268817 0.27260796]\n",
      "[0.28481346 0.44250353 0.27268301]\n",
      "[0.28492284 0.4423192  0.27275796]\n",
      "[0.285032   0.44213519 0.2728328 ]\n",
      "[0.28514096 0.4419515  0.27290754]\n",
      "[0.2852497  0.44176812 0.27298218]\n",
      "[0.28535823 0.44158506 0.27305671]\n",
      "[0.28546655 0.44140231 0.27313114]\n",
      "[0.28557466 0.44121988 0.27320546]\n",
      "[0.28568256 0.44103776 0.27327968]\n",
      "[0.28579025 0.44085596 0.2733538 ]\n",
      "[0.28589773 0.44067446 0.27342781]\n",
      "[0.286005   0.44049328 0.27350172]\n",
      "[0.28611206 0.44031241 0.27357553]\n",
      "[0.28621891 0.44013185 0.27364924]\n",
      "[0.28632556 0.4399516  0.27372284]\n",
      "[0.286432   0.43977166 0.27379634]\n",
      "[0.28653823 0.43959204 0.27386974]\n",
      "[0.28664425 0.43941272 0.27394303]\n",
      "[0.28675007 0.4392337  0.27401623]\n",
      "[0.28685568 0.439055   0.27408932]\n",
      "[0.28696108 0.4388766  0.27416232]\n",
      "[0.28706628 0.43869851 0.27423521]\n",
      "[0.28717127 0.43852073 0.274308  ]\n",
      "[0.28727606 0.43834325 0.27438069]\n",
      "[0.28738064 0.43816608 0.27445328]\n",
      "[0.28748501 0.43798922 0.27452577]\n",
      "[0.28758919 0.43781265 0.27459816]\n",
      "[0.28769316 0.43763639 0.27467045]\n",
      "[0.28779692 0.43746044 0.27474264]\n",
      "[0.28790048 0.43728478 0.27481473]\n",
      "[0.28800384 0.43710943 0.27488673]\n",
      "[0.288107   0.43693438 0.27495862]\n",
      "[0.28820995 0.43675964 0.27503041]\n",
      "[0.2883127  0.43658519 0.27510211]\n",
      "[0.28841525 0.43641104 0.27517371]\n",
      "[0.2885176  0.43623719 0.27524521]\n",
      "[0.28861975 0.43606365 0.27531661]\n",
      "[0.28872169 0.4358904  0.27538791]\n",
      "[0.28882344 0.43571745 0.27545912]\n",
      "[0.28892498 0.43554479 0.27553023]\n",
      "[0.28902633 0.43537243 0.27560124]\n",
      "[0.28912747 0.43520037 0.27567215]\n",
      "[0.28922842 0.43502861 0.27574297]\n",
      "[0.28932917 0.43485714 0.27581369]\n",
      "[0.28942972 0.43468597 0.27588431]\n",
      "[0.28953007 0.43451509 0.27595484]\n",
      "[0.28963022 0.43434451 0.27602527]\n",
      "[0.28973017 0.43417421 0.27609561]\n",
      "[0.28982993 0.43400422 0.27616585]\n",
      "[0.28992949 0.43383451 0.276236  ]\n",
      "[0.29002886 0.4336651  0.27630605]\n",
      "[0.29012802 0.43349598 0.276376  ]\n",
      "[0.29022699 0.43332715 0.27644586]\n",
      "[0.29032577 0.43315861 0.27651562]\n",
      "[0.29042435 0.43299036 0.27658529]\n",
      "[0.29052273 0.4328224  0.27665487]\n",
      "[0.29062092 0.43265473 0.27672435]\n",
      "[0.29071892 0.43248734 0.27679374]\n",
      "[0.29081672 0.43232025 0.27686303]\n",
      "[0.29091433 0.43215344 0.27693223]\n",
      "[0.29101174 0.43198692 0.27700134]\n",
      "[0.29110896 0.43182069 0.27707035]\n",
      "[0.29120599 0.43165474 0.27713927]\n",
      "[0.29130282 0.43148908 0.2772081 ]\n",
      "[0.29139946 0.43132371 0.27727683]\n",
      "[0.29149591 0.43115861 0.27734547]\n",
      "[0.29159217 0.43099381 0.27741402]\n",
      "[0.29168824 0.43082928 0.27748248]\n",
      "[0.29178411 0.43066504 0.27755084]\n",
      "[0.2918798  0.43050109 0.27761911]\n",
      "[0.29197529 0.43033741 0.2776873 ]\n",
      "[0.2920706  0.43017402 0.27775538]\n",
      "[0.29216571 0.4300109  0.27782338]\n",
      "[0.29226064 0.42984807 0.27789129]\n",
      "[0.29235537 0.42968552 0.27795911]\n",
      "[0.29244992 0.42952325 0.27802683]\n",
      "[0.29254428 0.42936126 0.27809446]\n",
      "[0.29263845 0.42919955 0.27816201]\n",
      "[0.29273243 0.42903811 0.27822946]\n",
      "[0.29282622 0.42887695 0.27829682]\n",
      "[0.29291983 0.42871607 0.2783641 ]\n",
      "[0.29301325 0.42855547 0.27843128]\n",
      "[0.29310648 0.42839515 0.27849837]\n",
      "[0.29319953 0.4282351  0.27856538]\n",
      "[0.29329238 0.42807532 0.27863229]\n",
      "[0.29338506 0.42791582 0.27869912]\n",
      "[0.29347755 0.4277566  0.27876586]\n",
      "[0.29356985 0.42759765 0.2788325 ]\n",
      "[0.29366197 0.42743897 0.27889906]\n",
      "[0.2937539  0.42728056 0.27896553]\n",
      "[0.29384565 0.42712243 0.27903192]\n",
      "[0.29393722 0.42696457 0.27909821]\n",
      "[0.2940286  0.42680698 0.27916442]\n",
      "[0.29411979 0.42664967 0.27923054]\n",
      "[0.29421081 0.42649262 0.27929657]\n",
      "[0.29430164 0.42633585 0.27936251]\n",
      "[0.29439229 0.42617934 0.27942837]\n",
      "[0.29448276 0.4260231  0.27949414]\n",
      "[0.29457304 0.42586714 0.27955982]\n",
      "[0.29466315 0.42571144 0.27962541]\n",
      "[0.29475307 0.42555601 0.27969092]\n",
      "[0.29484281 0.42540084 0.27975635]\n",
      "[0.29493237 0.42524595 0.27982168]\n",
      "[0.29502175 0.42509132 0.27988693]\n",
      "[0.29511095 0.42493695 0.27995209]\n",
      "[0.29519997 0.42478286 0.28001717]\n",
      "[0.29528881 0.42462902 0.28008216]\n",
      "[0.29537748 0.42447545 0.28014707]\n",
      "[0.29546596 0.42432215 0.28021189]\n",
      "[0.29555426 0.42416911 0.28027663]\n",
      "[0.29564239 0.42401633 0.28034128]\n",
      "[0.29573034 0.42386382 0.28040584]\n",
      "[0.29581811 0.42371157 0.28047033]\n",
      "[0.2959057  0.42355958 0.28053472]\n",
      "[0.29599312 0.42340785 0.28059903]\n",
      "[0.29608036 0.42325638 0.28066326]\n",
      "[0.29616742 0.42310517 0.28072741]\n",
      "[0.29625431 0.42295423 0.28079147]\n",
      "[0.29634102 0.42280354 0.28085544]\n",
      "[0.29642755 0.42265311 0.28091933]\n",
      "[0.29651391 0.42250294 0.28098314]\n",
      "[0.2966001  0.42235303 0.28104687]\n",
      "[0.29668611 0.42220338 0.28111051]\n",
      "[0.29677194 0.42205399 0.28117407]\n",
      "[0.2968576  0.42190485 0.28123755]\n",
      "[0.29694309 0.42175597 0.28130094]\n",
      "[0.29702841 0.42160734 0.28136425]\n",
      "[0.29711355 0.42145897 0.28142748]\n",
      "[0.29719852 0.42131086 0.28149063]\n",
      "[0.29728331 0.421163   0.28155369]\n",
      "[0.29736794 0.42101539 0.28161667]\n",
      "[0.29745239 0.42086804 0.28167957]\n",
      "[0.29753667 0.42072094 0.28174239]\n",
      "[0.29762078 0.42057409 0.28180513]\n",
      "[0.29770471 0.4204275  0.28186778]\n",
      "[0.29778848 0.42028116 0.28193036]\n",
      "[0.29787208 0.42013507 0.28199285]\n",
      "[0.2979555  0.41998923 0.28205527]\n",
      "[0.29803876 0.41984365 0.2821176 ]\n",
      "[0.29812184 0.41969831 0.28217985]\n",
      "[0.29820476 0.41955322 0.28224202]\n",
      "[0.29828751 0.41940838 0.28230411]\n",
      "[0.29837009 0.4192638  0.28236612]\n",
      "[0.2984525  0.41911946 0.28242805]\n",
      "[0.29853474 0.41897536 0.2824899 ]\n",
      "[0.29861681 0.41883152 0.28255167]\n",
      "[0.29869872 0.41868792 0.28261336]\n",
      "[0.29878046 0.41854457 0.28267497]\n",
      "[0.29886203 0.41840147 0.2827365 ]\n",
      "[0.29894344 0.41825861 0.28279795]\n",
      "[0.29902468 0.418116   0.28285933]\n",
      "[0.29910575 0.41797363 0.28292062]\n",
      "[0.29918666 0.41783151 0.28298183]\n",
      "[0.2992674  0.41768963 0.28304297]\n",
      "[0.29934798 0.41754799 0.28310403]\n",
      "[0.29942839 0.4174066  0.28316501]\n",
      "[0.29950863 0.41726546 0.28322591]\n",
      "[0.29958872 0.41712455 0.28328673]\n",
      "[0.29966863 0.41698389 0.28334748]\n",
      "[0.29974839 0.41684346 0.28340815]\n",
      "[0.29982798 0.41670328 0.28346874]\n",
      "[0.29990741 0.41656334 0.28352925]\n",
      "[0.29998667 0.41642364 0.28358969]\n",
      "[0.30006577 0.41628419 0.28365004]\n",
      "[0.30014471 0.41614497 0.28371032]\n",
      "[0.30022349 0.41600598 0.28377053]\n",
      "[0.3003021  0.41586724 0.28383065]\n",
      "[0.30038056 0.41572874 0.2838907 ]\n",
      "[0.30045885 0.41559047 0.28395068]\n",
      "[0.30053698 0.41545244 0.28401057]\n",
      "[0.30061495 0.41531465 0.2840704 ]\n",
      "[0.30069276 0.4151771  0.28413014]\n",
      "[0.30077041 0.41503978 0.28418981]\n",
      "[0.3008479 0.4149027 0.2842494]\n",
      "[0.30092523 0.41476585 0.28430892]\n",
      "[0.3010024  0.41462924 0.28436836]\n",
      "[0.30107942 0.41449286 0.28442772]\n",
      "[0.30115627 0.41435672 0.28448701]\n",
      "[0.30123297 0.41422081 0.28454623]\n",
      "[0.3013095  0.41408513 0.28460537]\n",
      "[0.30138588 0.41394969 0.28466443]\n",
      "[0.3014621  0.41381447 0.28472342]\n",
      "[0.30153817 0.4136795  0.28478234]\n",
      "[0.30161407 0.41354475 0.28484118]\n",
      "[0.30168982 0.41341023 0.28489994]\n",
      "[0.30176542 0.41327595 0.28495864]\n",
      "[0.30184086 0.41314189 0.28501725]\n",
      "[0.30191614 0.41300807 0.2850758 ]\n",
      "[0.30199126 0.41287447 0.28513426]\n",
      "[0.30206624 0.4127411  0.28519266]\n",
      "[0.30214105 0.41260797 0.28525098]\n",
      "[0.30221571 0.41247506 0.28530923]\n",
      "[0.30229022 0.41234238 0.2853674 ]\n",
      "[0.30236457 0.41220992 0.28542551]\n",
      "[0.30243877 0.4120777  0.28548353]\n",
      "[0.30251281 0.4119457  0.28554149]\n",
      "[0.3025867  0.41181393 0.28559937]\n",
      "[0.30266044 0.41168238 0.28565718]\n",
      "[0.30273403 0.41155106 0.28571492]\n",
      "[0.30280746 0.41141996 0.28577258]\n",
      "[0.30288074 0.41128909 0.28583017]\n",
      "[0.30295386 0.41115845 0.28588769]\n",
      "[0.30302684 0.41102802 0.28594514]\n",
      "[0.30309967 0.41089782 0.28600251]\n",
      "[0.30317234 0.41076785 0.28605981]\n",
      "[0.30324486 0.4106381  0.28611704]\n",
      "[0.30331723 0.41050856 0.2861742 ]\n",
      "[0.30338945 0.41037926 0.28623129]\n",
      "[0.30346152 0.41025017 0.28628831]\n",
      "[0.30353345 0.4101213  0.28634525]\n",
      "[0.30360522 0.40999266 0.28640212]\n",
      "[0.30367684 0.40986424 0.28645893]\n",
      "[0.30374831 0.40973603 0.28651566]\n",
      "[0.30381964 0.40960805 0.28657232]\n",
      "[0.30389081 0.40948028 0.28662891]\n",
      "[0.30396184 0.40935274 0.28668543]\n",
      "[0.30403272 0.40922541 0.28674187]\n",
      "[0.30410345 0.4090983  0.28679825]\n",
      "[0.30417403 0.40897141 0.28685456]\n",
      "[0.30424447 0.40884473 0.2869108 ]\n",
      "[0.30431476 0.40871828 0.28696696]\n",
      "[0.3043849  0.40859204 0.28702306]\n",
      "[0.3044549  0.40846601 0.28707909]\n",
      "[0.30452475 0.4083402  0.28713505]\n",
      "[0.30459446 0.40821461 0.28719093]\n",
      "[0.30466402 0.40808923 0.28724675]\n",
      "[0.30473343 0.40796407 0.2873025 ]\n",
      "[0.3048027  0.40783912 0.28735818]\n",
      "[0.30487182 0.40771438 0.28741379]\n",
      "[0.3049408  0.40758986 0.28746934]\n",
      "[0.30500964 0.40746555 0.28752481]\n",
      "[0.30507833 0.40734146 0.28758021]\n",
      "[0.30514688 0.40721758 0.28763555]\n",
      "[0.30521528 0.40709391 0.28769082]\n",
      "[0.30528354 0.40697045 0.28774601]\n",
      "[0.30535166 0.4068472  0.28780114]\n",
      "[0.30541963 0.40672416 0.28785621]\n",
      "[0.30548747 0.40660133 0.2879112 ]\n",
      "[0.30555516 0.40647872 0.28796612]\n",
      "[0.30562271 0.40635631 0.28802098]\n",
      "[0.30569011 0.40623412 0.28807577]\n",
      "[0.30575738 0.40611213 0.2881305 ]\n",
      "[0.3058245  0.40599035 0.28818515]\n",
      "[0.30589149 0.40586878 0.28823974]\n",
      "[0.30595833 0.40574741 0.28829426]\n",
      "[0.30602503 0.40562626 0.28834871]\n",
      "[0.30609159 0.40550531 0.2884031 ]\n",
      "[0.30615802 0.40538457 0.28845741]\n",
      "[0.3062243  0.40526404 0.28851167]\n",
      "[0.30629044 0.40514371 0.28856585]\n",
      "[0.30635645 0.40502358 0.28861997]\n",
      "[0.30642231 0.40490367 0.28867402]\n",
      "[0.30648804 0.40478395 0.28872801]\n",
      "[0.30655363 0.40466445 0.28878192]\n",
      "[0.30661908 0.40454514 0.28883578]\n",
      "[0.30668439 0.40442604 0.28888956]\n",
      "[0.30674957 0.40430715 0.28894328]\n",
      "[0.30681461 0.40418846 0.28899694]\n",
      "[0.30687951 0.40406997 0.28905053]\n",
      "[0.30694427 0.40395168 0.28910405]\n",
      "[0.3070089  0.40383359 0.28915751]\n",
      "[0.30707339 0.40371571 0.2892109 ]\n",
      "[0.30713775 0.40359803 0.28926422]\n",
      "[0.30720197 0.40348055 0.28931748]\n",
      "[0.30726605 0.40336327 0.28937068]\n",
      "[0.30733    0.40324619 0.28942381]\n",
      "[0.30739382 0.40312931 0.28947688]\n",
      "[0.30745749 0.40301263 0.28952988]\n",
      "[0.30752104 0.40289615 0.28958281]\n",
      "[0.30758445 0.40277987 0.28963568]\n",
      "[0.30764773 0.40266378 0.28968849]\n",
      "[0.30771087 0.4025479  0.28974123]\n",
      "[0.30777388 0.40243221 0.28979391]\n",
      "[0.30783675 0.40231672 0.28984652]\n",
      "[0.3078995  0.40220143 0.28989907]\n",
      "[0.30796211 0.40208633 0.28995156]\n",
      "[0.30802459 0.40197144 0.29000398]\n",
      "[0.30808693 0.40185673 0.29005634]\n",
      "[0.30814914 0.40174223 0.29010863]\n",
      "[0.30821123 0.40162791 0.29016086]\n",
      "[0.30827318 0.4015138  0.29021303]\n",
      "[0.308335   0.40139988 0.29026513]\n",
      "[0.30839668 0.40128615 0.29031717]\n",
      "[0.30845824 0.40117262 0.29036914]\n",
      "[0.30851967 0.40105928 0.29042106]\n",
      "[0.30858096 0.40094613 0.29047291]\n",
      "[0.30864213 0.40083318 0.29052469]\n",
      "[0.30870317 0.40072042 0.29057642]\n",
      "[0.30876407 0.40060785 0.29062808]\n",
      "[0.30882485 0.40049547 0.29067968]\n",
      "[0.3088855  0.40038329 0.29073121]\n",
      "[0.30894602 0.4002713  0.29078269]\n",
      "[0.30900641 0.40015949 0.2908341 ]\n",
      "[0.30906667 0.40004788 0.29088545]\n",
      "[0.30912681 0.39993646 0.29093673]\n",
      "[0.30918681 0.39982523 0.29098796]\n",
      "[0.30924669 0.39971419 0.29103912]\n",
      "[0.30930644 0.39960334 0.29109022]\n",
      "[0.30936607 0.39949267 0.29114126]\n",
      "[0.30942557 0.3993822  0.29119224]\n",
      "[0.30948494 0.39927191 0.29124315]\n",
      "[0.30954418 0.39916181 0.291294  ]\n",
      "[0.3096033 0.3990519 0.2913448]\n",
      "[0.30966229 0.39894218 0.29139553]\n",
      "[0.30972116 0.39883264 0.2914462 ]\n",
      "[0.3097799  0.39872329 0.29149681]\n",
      "[0.30983851 0.39861413 0.29154735]\n",
      "[0.30989701 0.39850515 0.29159784]\n",
      "[0.30995537 0.39839636 0.29164827]\n",
      "[0.31001361 0.39828776 0.29169863]\n",
      "[0.31007173 0.39817933 0.29174894]\n",
      "[0.31012972 0.3980711  0.29179918]\n",
      "[0.31018759 0.39796304 0.29184936]\n",
      "[0.31024534 0.39785518 0.29189948]\n",
      "[0.31030296 0.39774749 0.29194955]\n",
      "[0.31036046 0.39763999 0.29199955]\n",
      "[0.31041784 0.39753267 0.29204949]\n",
      "[0.31047509 0.39742554 0.29209937]\n",
      "[0.31053222 0.39731858 0.29214919]\n",
      "[0.31058923 0.39721181 0.29219896]\n",
      "[0.31064612 0.39710522 0.29224866]\n",
      "[0.31070288 0.39699881 0.2922983 ]\n",
      "[0.31075953 0.39689259 0.29234788]\n",
      "[0.31081605 0.39678654 0.29239741]\n",
      "[0.31087245 0.39668068 0.29244687]\n",
      "[0.31092873 0.39657499 0.29249628]\n",
      "[0.31098489 0.39646948 0.29254562]\n",
      "[0.31104093 0.39636416 0.29259491]\n",
      "[0.31109685 0.39625901 0.29264414]\n",
      "[0.31115265 0.39615404 0.2926933 ]\n",
      "[0.31120833 0.39604925 0.29274241]\n",
      "[0.31126389 0.39594464 0.29279146]\n",
      "[0.31131934 0.39584021 0.29284046]\n",
      "[0.31137466 0.39573595 0.29288939]\n",
      "[0.31142986 0.39563187 0.29293826]\n",
      "[0.31148495 0.39552797 0.29298708]\n",
      "[0.31153992 0.39542425 0.29303584]\n",
      "[0.31159476 0.3953207  0.29308454]\n",
      "[0.3116495  0.39521732 0.29313318]\n",
      "[0.31170411 0.39511413 0.29318176]\n",
      "[0.31175861 0.3950111  0.29323029]\n",
      "[0.31181299 0.39490826 0.29327876]\n",
      "[0.31186725 0.39480559 0.29332717]\n",
      "[0.31192139 0.39470309 0.29337552]\n",
      "[0.31197542 0.39460077 0.29342381]\n",
      "[0.31202933 0.39449862 0.29347205]\n",
      "[0.31208313 0.39439664 0.29352023]\n",
      "[0.31213681 0.39429484 0.29356835]\n",
      "[0.31219038 0.39419321 0.29361641]\n",
      "[0.31224383 0.39409175 0.29366442]\n",
      "[0.31229716 0.39399047 0.29371237]\n",
      "[0.31235038 0.39388935 0.29376026]\n",
      "[0.31240349 0.39378841 0.2938081 ]\n",
      "[0.31245648 0.39368764 0.29385588]\n",
      "[0.31250935 0.39358705 0.2939036 ]\n",
      "[0.31256212 0.39348662 0.29395126]\n",
      "[0.31261477 0.39338636 0.29399887]\n",
      "[0.3126673  0.39328627 0.29404643]\n",
      "[0.31271972 0.39318636 0.29409392]\n",
      "[0.31277203 0.39308661 0.29414136]\n",
      "[0.31282423 0.39298703 0.29418874]\n",
      "[0.31287631 0.39288762 0.29423607]\n",
      "[0.31292828 0.39278838 0.29428334]\n",
      "[0.31298014 0.39268931 0.29433055]\n",
      "[0.31303188 0.39259041 0.29437771]\n",
      "[0.31308352 0.39249167 0.29442481]\n",
      "[0.31313504 0.3923931  0.29447186]\n",
      "[0.31318645 0.3922947  0.29451885]\n",
      "[0.31323775 0.39219647 0.29456579]\n",
      "[0.31328894 0.3920984  0.29461266]\n",
      "[0.31334002 0.3920005  0.29465949]\n",
      "[0.31339098 0.39190276 0.29470626]\n",
      "[0.31344184 0.39180519 0.29475297]\n",
      "[0.31349259 0.39170779 0.29479963]\n",
      "[0.31354322 0.39161055 0.29484623]\n",
      "[0.31359375 0.39151347 0.29489278]\n"
     ]
    },
    {
     "name": "stdout",
     "output_type": "stream",
     "text": [
      "[0.31364417 0.39141656 0.29493927]\n",
      "[0.31369448 0.39131982 0.29498571]\n",
      "[0.31374468 0.39122324 0.29503209]\n",
      "[0.31379477 0.39112682 0.29507842]\n",
      "[0.31384475 0.39103056 0.29512469]\n",
      "[0.31389462 0.39093447 0.29517091]\n",
      "[0.31394439 0.39083855 0.29521707]\n",
      "[0.31399404 0.39074278 0.29526318]\n",
      "[0.31404359 0.39064718 0.29530923]\n",
      "[0.31409303 0.39055173 0.29535523]\n",
      "[0.31414237 0.39045645 0.29540118]\n",
      "[0.31419159 0.39036134 0.29544707]\n",
      "[0.31424071 0.39026638 0.29549291]\n",
      "[0.31428973 0.39017158 0.29553869]\n",
      "[0.31433863 0.39007695 0.29558442]\n",
      "[0.31438743 0.38998247 0.2956301 ]\n",
      "[0.31443613 0.38988815 0.29567572]\n",
      "[0.31448472 0.389794   0.29572129]\n",
      "[0.3145332 0.3897    0.2957668]\n",
      "[0.31458158 0.38960616 0.29581226]\n",
      "[0.31462985 0.38951248 0.29585767]\n",
      "[0.31467802 0.38941896 0.29590302]\n",
      "[0.31472608 0.3893256  0.29594832]\n",
      "[0.31477403 0.3892324  0.29599357]\n",
      "[0.31482189 0.38913935 0.29603876]\n",
      "[0.31486963 0.38904646 0.2960839 ]\n",
      "[0.31491728 0.38895373 0.29612899]\n",
      "[0.31496482 0.38886116 0.29617403]\n",
      "[0.31501225 0.38876874 0.29621901]\n",
      "[0.31505959 0.38867648 0.29626394]\n",
      "[0.31510682 0.38858437 0.29630881]\n",
      "[0.31515394 0.38849242 0.29635364]\n",
      "[0.31520097 0.38840063 0.29639841]\n",
      "[0.31524789 0.38830899 0.29644312]\n",
      "[0.31529471 0.3882175  0.29648779]\n",
      "[0.31534142 0.38812617 0.2965324 ]\n",
      "[0.31538804 0.388035   0.29657696]\n",
      "[0.31543455 0.38794398 0.29662147]\n",
      "[0.31548096 0.38785311 0.29666593]\n",
      "[0.31552727 0.3877624  0.29671033]\n",
      "[0.31557348 0.38767184 0.29675468]\n",
      "[0.31561959 0.38758143 0.29679899]\n",
      "[0.31566559 0.38749117 0.29684323]\n",
      "[0.3157115  0.38740107 0.29688743]\n",
      "[0.3157573  0.38731112 0.29693157]\n",
      "[0.31580301 0.38722133 0.29697567]\n",
      "[0.31584861 0.38713168 0.29701971]\n",
      "[0.31589412 0.38704219 0.2970637 ]\n",
      "[0.31593952 0.38695284 0.29710764]\n",
      "[0.31598483 0.38686365 0.29715152]\n",
      "[0.31603003 0.38677461 0.29719536]\n",
      "[0.31607514 0.38668572 0.29723914]\n",
      "[0.31612015 0.38659698 0.29728288]\n",
      "[0.31616506 0.38650838 0.29732656]\n",
      "[0.31620987 0.38641994 0.29737019]\n",
      "[0.31625458 0.38633165 0.29741377]\n",
      "[0.3162992  0.38624351 0.2974573 ]\n",
      "[0.31634371 0.38615551 0.29750078]\n",
      "[0.31638813 0.38606767 0.2975442 ]\n",
      "[0.31643245 0.38597997 0.29758758]\n",
      "[0.31647668 0.38589242 0.2976309 ]\n",
      "[0.3165208  0.38580502 0.29767418]\n",
      "[0.31656483 0.38571776 0.2977174 ]\n",
      "[0.31660877 0.38563066 0.29776058]\n",
      "[0.3166526  0.38554369 0.2978037 ]\n",
      "[0.31669634 0.38545688 0.29784678]\n",
      "[0.31673999 0.38537021 0.2978898 ]\n",
      "[0.31678353 0.38528369 0.29793277]\n",
      "[0.31682699 0.38519732 0.29797569]\n",
      "[0.31687034 0.38511109 0.29801857]\n",
      "[0.3169136  0.38502501 0.29806139]\n",
      "[0.31695677 0.38493907 0.29810416]\n",
      "[0.31699984 0.38485327 0.29814689]\n",
      "[0.31704282 0.38476762 0.29818956]\n",
      "[0.3170857  0.38468212 0.29823218]\n",
      "[0.31712848 0.38459676 0.29827476]\n",
      "[0.31717118 0.38451154 0.29831728]\n",
      "[0.31721377 0.38442647 0.29835976]\n",
      "[0.31725628 0.38434154 0.29840218]\n",
      "[0.31729869 0.38425675 0.29844456]\n",
      "[0.31734101 0.38417211 0.29848689]\n",
      "[0.31738323 0.38408761 0.29852916]\n",
      "[0.31742536 0.38400325 0.29857139]\n",
      "[0.3174674  0.38391903 0.29861357]\n",
      "[0.31750934 0.38383496 0.2986557 ]\n",
      "[0.31755119 0.38375103 0.29869778]\n",
      "[0.31759295 0.38366724 0.29873981]\n",
      "[0.31763462 0.38358358 0.2987818 ]\n",
      "[0.31767619 0.38350008 0.29882373]\n",
      "[0.31771768 0.38341671 0.29886562]\n",
      "[0.31775907 0.38333348 0.29890745]\n",
      "[0.31780037 0.38325039 0.29894924]\n",
      "[0.31784158 0.38316744 0.29899098]\n",
      "[0.31788269 0.38308463 0.29903267]\n",
      "[0.31792372 0.38300196 0.29907432]\n",
      "[0.31796465 0.38291943 0.29911591]\n",
      "[0.3180055  0.38283704 0.29915746]\n",
      "[0.31804625 0.38275479 0.29919896]\n",
      "[0.31808692 0.38267268 0.29924041]\n",
      "[0.31812749 0.3825907  0.29928181]\n",
      "[0.31816798 0.38250886 0.29932316]\n",
      "[0.31820837 0.38242716 0.29936447]\n",
      "[0.31824868 0.3823456  0.29940572]\n",
      "[0.31828889 0.38226417 0.29944693]\n",
      "[0.31832902 0.38218289 0.2994881 ]\n",
      "[0.31836905 0.38210173 0.29952921]\n",
      "[0.318409   0.38202072 0.29957028]\n",
      "[0.31844886 0.38193984 0.2996113 ]\n",
      "[0.31848863 0.3818591  0.29965227]\n",
      "[0.31852832 0.38177849 0.29969319]\n",
      "[0.31856791 0.38169802 0.29973407]\n",
      "[0.31860742 0.38161768 0.2997749 ]\n",
      "[0.31864684 0.38153748 0.29981568]\n",
      "[0.31868617 0.38145741 0.29985642]\n",
      "[0.31872541 0.38137748 0.2998971 ]\n",
      "[0.31876457 0.38129769 0.29993775]\n",
      "[0.31880364 0.38121802 0.29997834]\n",
      "[0.31884262 0.38113849 0.30001889]\n",
      "[0.31888152 0.3810591  0.30005939]\n",
      "[0.31892033 0.38097984 0.30009984]\n",
      "[0.31895905 0.38090071 0.30014024]\n",
      "[0.31899769 0.38082171 0.3001806 ]\n",
      "[0.31903624 0.38074285 0.30022092]\n",
      "[0.3190747  0.38066412 0.30026118]\n",
      "[0.31911308 0.38058552 0.3003014 ]\n",
      "[0.31915138 0.38050705 0.30034157]\n",
      "[0.31918958 0.38042872 0.3003817 ]\n",
      "[0.31922771 0.38035051 0.30042178]\n",
      "[0.31926575 0.38027244 0.30046181]\n",
      "[0.3193037 0.3801945 0.3005018]\n",
      "[0.31934157 0.38011669 0.30054174]\n",
      "[0.31937935 0.38003901 0.30058164]\n",
      "[0.31941705 0.37996146 0.30062149]\n",
      "[0.31945467 0.37988404 0.30066129]\n",
      "[0.3194922  0.37980676 0.30070105]\n",
      "[0.31952965 0.3797296  0.30074076]\n",
      "[0.31956701 0.37965257 0.30078042]\n",
      "[0.31960429 0.37957567 0.30082004]\n",
      "[0.31964149 0.3794989  0.30085961]\n",
      "[0.3196786  0.37942225 0.30089914]\n",
      "[0.31971564 0.37934574 0.30093862]\n",
      "[0.31975258 0.37926936 0.30097806]\n",
      "[0.31978945 0.3791931  0.30101745]\n",
      "[0.31982623 0.37911697 0.3010568 ]\n",
      "[0.31986294 0.37904097 0.3010961 ]\n",
      "[0.31989955 0.37896509 0.30113535]\n",
      "[0.31993609 0.37888935 0.30117456]\n",
      "[0.31997255 0.37881373 0.30121373]\n",
      "[0.32000892 0.37873823 0.30125284]\n",
      "[0.32004521 0.37866287 0.30129192]\n",
      "[0.32008142 0.37858763 0.30133095]\n",
      "[0.32011755 0.37851252 0.30136993]\n",
      "[0.3201536  0.37843753 0.30140887]\n",
      "[0.32018957 0.37836267 0.30144776]\n",
      "[0.32022546 0.37828793 0.30148661]\n",
      "[0.32026126 0.37821332 0.30152542]\n",
      "[0.32029699 0.37813883 0.30156418]\n",
      "[0.32033264 0.37806447 0.30160289]\n",
      "[0.3203682  0.37799023 0.30164156]\n",
      "[0.32040369 0.37791612 0.30168019]\n",
      "[0.3204391  0.37784213 0.30171877]\n",
      "[0.32047442 0.37776827 0.30175731]\n",
      "[0.32050967 0.37769453 0.3017958 ]\n",
      "[0.32054484 0.37762091 0.30183425]\n",
      "[0.32057993 0.37754742 0.30187265]\n",
      "[0.32061494 0.37747405 0.30191101]\n",
      "[0.32064987 0.3774008  0.30194933]\n",
      "[0.32068473 0.37732768 0.3019876 ]\n",
      "[0.3207195  0.37725467 0.30202583]\n",
      "[0.3207542  0.37718179 0.30206401]\n",
      "[0.32078882 0.37710904 0.30210215]\n",
      "[0.32082336 0.3770364  0.30214024]\n",
      "[0.32085782 0.37696389 0.3021783 ]\n",
      "[0.32089221 0.37689149 0.3022163 ]\n",
      "[0.32092651 0.37681922 0.30225427]\n",
      "[0.32096074 0.37674707 0.30229219]\n",
      "[0.3209949  0.37667504 0.30233006]\n",
      "[0.32102897 0.37660313 0.3023679 ]\n",
      "[0.32106297 0.37653134 0.30240569]\n",
      "[0.3210969  0.37645967 0.30244343]\n",
      "[0.32113074 0.37638812 0.30248114]\n",
      "[0.32116451 0.37631669 0.30251879]\n",
      "[0.32119821 0.37624538 0.30255641]\n",
      "[0.32123183 0.37617419 0.30259398]\n",
      "[0.32126537 0.37610312 0.30263151]\n",
      "[0.32129883 0.37603217 0.302669  ]\n",
      "[0.32133222 0.37596133 0.30270644]\n",
      "[0.32136554 0.37589062 0.30274384]\n",
      "[0.32139878 0.37582002 0.3027812 ]\n",
      "[0.32143194 0.37574954 0.30281851]\n",
      "[0.32146503 0.37567918 0.30285579]\n",
      "[0.32149805 0.37560894 0.30289301]\n",
